12.14
13.97
14.57
15.82
24.42
28.27
23.15
28.20
22.47
22.21
21.11
21.63
26.27
22.40
23.14
21.92
20.25
15.06
12.84
12.99
11.06
10.15
10.50
9.51
11.10
11.16
10.53
10.90
11.32
17.35
20.52
21.47
22.44
26.25
28.29
30.07
29.66
29.37
28.15
28.22
28.08
22.14
21.44
18.63
13.79
12.61
13.74
12.67
16.20
15.68
18.17
24.37
27.16
28.45
26.94
30.15
26.26
21.85
12.16
10.90
11.75
15.63
26.14
35.93
38.96
30.61
28.42
31.13
28.55
27.34
32.98
33.30
33.36
35.87
33.67
31.92
33.34
30.62
34.01
33.03
35.58
35.19
37.37
32.92
28.72
25.11
22.91
27.24
26.19
27.94
26.58
29.05
31.47
32.47
37.82
30.24
29.37
29.84
33.69
34.50
23.59
28.85
28.70
15.66
12.06
13.00
11.41
16.74
30.16
32.53
29.54
33.67
34.59
29.79
34.97
31.39
35.72
37.86
32.31
33.82
30.50
29.19
32.54
34.62
35.94
35.87
33.57
33.40
36.46
37.20
31.25
31.06
34.13
35.72
25.47
24.41
29.39
34.17
34.83
31.56
28.97
29.46
29.21
26.68
19.61
16.07
10.38
7.66
11.39
25.63
30.06
22.15
17.04
21.69
26.72
23.25
22.95
19.60
10.82
9.13
18.25
15.45
15.58
16.33
19.96
20.47
25.89
26.35
29.37
30.66
28.68
27.74
28.35
26.51
24.25
29.36
22.54
27.54
24.23
29.28
28.10
15.30
11.01
16.07
11.78
16.96
16.68
12.24
8.70
11.18
12.56
12.28
10.74
13.35
13.65
12.07
13.91
12.68
9.80
8.13
13.04
14.63
19.80
14.65
18.66
14.82
17.85
13.36
9.91
10.46
14.93
12.40
8.63
13.16
12.75
16.55
16.88
18.27
23.06
23.16
23.17
17.65
18.15
21.00
24.91
21.22
20.54
22.10
20.85
21.95
20.68
16.47
11.07
9.98
11.35
12.55
11.76
12.09
14.07
16.72
23.23
28.42
28.68
28.36
24.37
25.22
21.21
23.30
22.12
25.01
21.56
25.68
32.01
30.29
27.74
16.74
10.87
11.96
10.20
13.22
15.86
18.77
16.88
15.96
17.94
20.05
19.49
22.29
21.33
16.91
12.36
10.52
10.73
11.63
12.48
18.35
23.76
20.97
25.76
26.14
23.84
27.10
24.88
20.43
21.78
22.30
19.76
19.20
26.25
21.42
19.41
25.63
24.66
29.36
27.36
24.94
13.50
13.26
15.52
11.68
16.88
21.67
25.25
24.10
26.22
23.03
23.89
21.36
20.79
22.94
22.72
21.59
27.39
26.02
30.63
28.35
26.13
31.80
29.81
27.99
28.19
25.95
22.13
17.89
18.43
19.79
21.85
27.35
29.40
22.92
25.03
25.94
14.15
11.43
13.54
13.51
12.06
11.83
12.61
24.02
27.78
29.38
28.28
22.65
28.08
29.40
29.98
34.37
28.75
30.89
29.88
31.77
23.21
21.77
26.01
30.08
28.69
29.67
30.22
32.02
29.93
30.25
29.69
30.60
29.11
29.20
26.16
27.99
27.44
28.58
26.24
14.18
11.67
12.21
15.43
27.10
28.50
18.25
15.23
22.29
18.76
25.83
34.88
36.07
36.75
28.56
31.86
32.75
36.91
28.52
33.31
29.49
31.19
26.58
30.38
34.82
36.32
36.66
37.36
37.46
34.35
30.35
31.37
27.84
33.46
36.17
33.88
28.56
24.17
28.99
30.93
31.03
35.59
36.66
34.09
31.27
34.84
37.68
31.77
31.27
30.13
36.33
33.75
30.59
32.78
32.13
34.46
37.49
40.17
39.02
32.85
29.03
33.68
31.79
36.06
30.32
34.83
31.62
31.00
30.16
29.23
32.99
29.12
29.35
31.52
32.14
30.78
32.50
31.15
36.64
30.69
33.14
31.92
34.00
29.76
35.26
27.61
29.22
29.26
36.36
37.21
31.60
34.48
28.48
29.48
29.03
26.65
24.29
29.62
35.24
30.51
29.59
31.48
32.44
32.69
33.03
38.79
33.78
33.69
31.28
34.40
29.25
29.24
32.71
33.97
36.67
36.41
34.44
37.13
31.32
36.58
32.72
34.85
31.36
32.79
29.57
35.44
34.52
31.77
29.98
30.25
30.93
30.56
31.59
30.70
29.06
29.66
28.15
29.70
30.03
31.74
32.90
31.83
33.91
36.39
34.67
30.32
31.80
29.30
34.57
33.63
39.05
33.53
34.49
33.28
27.28
27.25
28.89
22.89
14.13
11.11
11.40
10.75
11.26
12.40
11.71
11.08
12.03
15.48
21.15
31.88
34.73
30.99
37.55
32.40
29.96
25.12
15.38
11.85
15.01
11.03
13.37
11.51
14.91
11.35
14.69
17.60
26.56
33.08
35.41
36.41
40.00
35.44
39.05
37.15
25.52
27.32
31.94
31.42
30.75
36.80
34.38
30.57
34.63
35.05
17.36
12.53
10.38
10.74
10.54
11.54
11.28
12.34
10.83
19.03
29.81
23.52
26.05
31.31
28.78
35.21
38.07
35.63
31.13
29.90
26.40
25.91
23.97
23.11
22.74
23.58
26.06
31.88
23.76
25.47
21.61
19.45
30.55
27.58
34.12
28.84
24.60
14.48
11.69
9.03
10.52
10.42
9.86
10.93
12.61
17.21
32.90
33.71
27.62
25.04
29.14
29.87
30.05
27.57
26.96
22.88
26.04
33.18
30.96
30.66
31.99
23.15
13.65
11.48
10.53
10.56
11.51
10.35
11.37
10.83
10.51
16.79
22.89
25.79
24.84
31.55
35.86
26.21
31.92
29.87
32.24
32.77
30.10
31.82
36.11
31.31
29.05
15.44
16.00
16.04
14.59
14.79
15.43
14.15
14.26
13.18
23.82
31.74
29.01
30.50
26.23
29.03
30.28
32.17
22.07
25.84
24.79
29.06
26.09
34.21
26.53
32.93
24.74
29.09
26.24
17.22
14.25
14.58
15.10
14.13
14.58
13.82
13.72
22.97
25.20
36.96
34.57
33.57
33.41
30.12
27.79
27.02
23.43
28.42
25.16
30.68
29.60
29.64
28.44
34.55
23.22
11.35
10.27
8.93
10.45
9.61
9.38
8.69
9.84
9.96
19.41
28.61
28.66
29.37
29.20
37.24
31.74
29.34
28.05
26.63
25.27
25.84
30.36
32.34
27.34
25.84
24.71
25.65
14.43
10.31
12.80
11.67
9.25
11.64
11.13
9.45
11.92
19.43
20.35
28.41
28.86
33.84
36.25
27.38
23.48
22.99
26.42
21.55
22.81
29.08
23.48
28.27
28.35
33.55
26.28
28.75
17.24
13.64
15.14
15.10
13.83
13.55
13.87
15.01
16.42
20.09
22.35
26.87
33.34
35.41
27.51
28.30
28.87
24.74
28.87
28.70
23.16
28.64
28.07
26.42
28.31
29.16
17.73
12.20
13.78
10.82
15.07
11.72
14.25
10.59
14.82
10.65
13.41
23.15
31.95
28.41
27.59
25.07
21.17
24.83
30.94
27.27
27.55
31.68
28.96
23.17
28.05
27.03
23.11
33.24
18.80
12.14
10.99
9.84
12.09
10.34
12.68
10.25
12.71
10.41
11.36
12.81
33.11
26.63
28.94
26.30
25.43
25.68
24.62
31.58
30.66
30.21
32.08
26.24
25.17
28.18
24.12
15.90
8.95
9.42
8.30
9.95
11.02
9.64
10.44
10.99
10.58
10.44
10.97
16.41
18.11
23.49
21.22
25.90
21.15
18.50
21.46
25.51
22.58
25.05
22.08
28.16
34.04
37.06
36.71
20.51
12.81
12.78
11.41
11.71
12.03
11.08
12.31
11.53
13.34
14.73
20.34
26.05
33.86
22.50
21.80
29.11
35.34
28.06
16.75
11.31
8.86
8.93
12.14
11.88
11.37
12.39
9.64
10.56
14.51
18.85
25.52
30.50
31.63
31.71
31.56
26.96
22.96
27.17
24.41
21.15
25.15
30.98
34.04
39.55
33.76
28.73
17.47
11.09
10.13
9.35
12.58
10.70
11.15
10.86
11.97
11.34
18.74
21.13
20.03
24.96
33.91
34.42
38.63
37.42
39.55
32.65
13.13
9.30
17.99
15.20
15.59
8.19
6.73
13.11
12.31
10.82
11.32
12.17
11.05
12.05
11.53
12.20
11.26
11.24
10.64
16.62
13.90
13.71
20.81
26.63
27.61
24.02
28.12
21.28
22.22
12.31
8.66
14.46
13.78
14.44
17.57
19.95
25.55
11.57
9.60
11.49
9.42
12.57
15.14
23.16
25.53
25.59
21.62
22.23
26.19
27.87
19.53
15.38
9.25
9.65
11.41
9.74
13.04
21.58
21.99
15.83
23.03
26.88
26.02
22.97
17.93
18.93
12.38
11.10
9.30
9.09
10.69
9.76
13.19
13.09
9.97
10.11
15.26
15.19
12.69
14.66
20.67
29.36
28.36
21.58
19.86
21.65
22.97
26.73
22.42
28.76
30.05
33.85
33.76
32.41
18.48
11.85
10.73
10.74
10.90
11.53
11.04
10.79
12.02
12.61
23.74
20.64
21.05
25.80
25.73
23.98
21.95
30.40
23.93
26.32
29.41
27.97
24.06
27.96
22.70
10.30
8.88
7.81
8.70
8.54
8.06
8.75
8.16
7.39
10.71
7.28
6.55
7.37
15.60
21.09
21.29
21.01
13.98
7.77
7.09
16.26
19.55
21.62
26.17
22.76
23.00
21.87
16.30
12.79
17.27
12.24
11.34
10.51
12.00
12.17
12.87
12.46
11.52
11.30
15.38
23.29
16.70
19.72
23.78
28.48
32.37
22.41
22.61
23.47
19.38
19.90
27.05
31.73
30.12
15.17
11.17
18.36
12.97
8.59
8.35
8.18
7.63
8.95
7.77
6.70
10.46
12.34
11.98
15.27
20.29
26.92
22.67
20.82
21.29
22.89
23.48
22.89
25.91
29.00
28.95
24.20
27.63
28.92
20.30
10.94
8.89
7.93
8.66
7.14
8.45
8.79
8.11
11.47
23.80
22.05
17.04
20.58
21.85
29.27
27.26
30.36
33.40
31.90
30.31
30.17
29.82
34.97
31.58
24.33
22.71
11.66
9.55
15.35
14.47
15.33
17.42
18.53
16.06
21.46
20.93
30.73
29.88
28.20
29.43
22.53
22.31
10.24
8.69
17.05
13.26
12.10
19.69
23.54
22.39
16.48
11.25
11.15
9.79
10.26
10.78
11.17
9.91
11.02
11.54
13.95
25.44
21.85
19.02
19.50
23.06
23.08
23.31
29.50
31.74
28.27
24.35
21.67
23.51
24.32
21.07
27.98
30.00
27.52
22.06
28.83
22.76
20.88
20.16
20.07
19.82
17.85
18.40
16.52
23.84
27.12
25.07
20.13
24.68
28.38
28.36
27.18
18.01
19.59
20.65
21.08
23.32
21.61
23.76
27.06
12.00
8.21
5.67
6.76
10.11
9.97
11.45
9.90
14.09
13.50
14.07
13.28
12.48
17.91
15.02
19.30
20.93
22.38
27.08
27.00
19.69
21.74
22.84
22.13
20.76
19.72
22.48
19.84
25.01
29.09
20.32
19.04
18.31
12.70
11.02
10.93
11.64
11.02
10.55
11.36
10.77
13.41
11.81
15.06
19.33
20.26
24.14
20.56
20.68
23.50
22.37
23.35
24.09
19.13
27.22
29.39
27.83
29.41
19.79
12.48
11.63
9.22
8.53
10.58
11.65
11.53
12.51
11.23
13.37
10.88
14.92
18.12
19.97
19.28
21.42
24.22
29.35
28.85
25.07
27.67
18.49
22.96
21.01
23.98
28.79
31.03
30.36
26.44
16.87
10.36
7.30
7.53
11.93
9.62
13.40
11.26
12.01
10.92
21.09
27.70
25.34
23.23
28.28
31.29
31.07
23.91
26.37
20.43
21.91
17.24
16.82
19.02
21.06
24.32
25.86
13.28
14.68
11.95
10.02
12.36
18.76
21.38
18.23
11.57
11.73
8.51
15.76
16.01
19.69
21.24
18.62
16.20
12.10
11.74
14.19
17.12
20.00
20.25
20.62
15.80
19.91
12.33
17.77
17.81
17.24
17.89
18.04
20.08
13.78
18.63
18.74
21.66
10.42
15.09
12.44